-472430
-486461
-508981
-513406
-552078
-557194
-578052
-596295
-611708
-630888
-642896
-664511
-674479
-685122
-701950
-708398
-716261
-730095
-753996
-765379
-785283
-793195
-811355
-826752
-842198
-854683
-872103
-895067
-891333
-913704
-937869
-962181
-971656
-976541
-1000196
-1028653
-1031614
-1044182
-1062835
-1063000
-1074087
-1093432
-1105144
-1097610
-1106180
-1103729
-1111444
-1120919
-1117925
-1136282
-1149294
-1149228
-1150923
-1152666
-1150281
-1159838
-1167191
-1169708
-1166533
-1172521
-1181338
-1177505
-1177521
-1187572
-1182390
-1181436
-1195089
-1212131
-1202097
-1203084
-1217642
-1211523
-1219780
-1225044
-1228844
-1247728
-1248024
-1264177
-1279903
-1278176
-1279179
-1304051
-1303146
-1308904
-1310713
-1320698
-1329317
-1326587
-1321224
-1315862
-1318872
-1300810
-1309381
-1309496
-1296895
-1300465
-1293622
-1286318
-1287355
-1278653
-1278176
-1278472
-1265411
-1246692
-1231788
-1219599
-1210075
-1196948
-1187095
-1156976
-1139276
-1139836
-1114273
-1101229
-1089780
-1084417
-1062622
-1061322
-1058953
-1040842
-1033078
-1049281
-1041648
-1017188
-1017056
-1004061
-992481
-987760
-972084
-955354
-931404
-919626
-913737
-890576
-885296
-867958
-846393
-846245
-811997
-796271
-781977
-755427
-719419
-701210
-670186
-655052
-629588
-588498
-564383
-550532
-513159
-485524
-471262
-445305
-422078
-404115
-384129
-365936
-327872
-316176
-301306
-270693
-258833
-234142
-200750
-202559
-177013
-156205
-130790
-116545
-109636
-94881
-70667
-45614
-59860
-48871
-50993
-26089
-15101
-26237
-13966
214
13686
18226
14179
27865
43854
57409
61653
67673
82248
92808
118650
137896
143588
164281
195453
199829
219140
239357
250954
271713
277256
280168
312277
314728
332642
366133
379112
402141
411238
431043
459846
470308
491544
502269
506497
531138
553608
544676
577443
584533
599700
606016
619143
619965
641300
657043
662422
663754
668541
676469
677835
680664
678098
687375
693495
690649
679792
677341
640642
655825
659954
643751
640083
642748
638833
625098
638307
654592
645347
640856
645857
639409
611264
621216
629950
613303
622367
636168
625509
631398
644870
649542
670284
666435
662356
674644
674265
679595
675844
688642
697574
693610
685105
681059
716606
732957
736346
749834
746692
761711
778144
780907
781894
772206
788902
795021
797587
801519
800087
812573
829795
833398
825288
837856
847001
831095
831226
834467
841343
824860
822048
813247
812244
802950
812392
813724
803476
805647
796781
790613
801255
802177
788540
764540
775463
756529
735803
716771
694975
689909
664067
636316
639836
637484
606806
591656
575749
541600
522140
508125
484750
473515
455816
441110
415547
382994
367301
332313
307244
294282
271154
256596
238715
210011
190403
157586
128372
113057
73381
62673
45647
26517
12518
-23358
-40120
-38130
-68348
-92594
-96164
-117301
-138258
-144641
-167933
-174973
-168328
-196572
-195486
-181471
-184662
-181783
-180484
-179908
-201342
-193989
-201671
-211409
-216229
-218614
-234405
-232267
-231494
-234767
-229997
-248519
-252928
-247976
-245081
-260050
-250032
-259195
-242071
-266202
-264146
-254869
-260379
-272322
-260955
-267140
-283211
-283540
-288195
-277125
-284576
-300598
-296831
-295532
-318446
-310353
-316505
-328743
-336392
-348187
-353878
-339649
-373091
-381744
-373815
-398572
-410432
-417061
-431684
-442179
-450075
-461376
-474404
-473680
-480605
-484487
-486280
-496709
-502763
-511695
-513373
-513257
-517123
-523785
-535974
-539478
-548772
-559119
-566505
-572328
-581391
-588563
-599321
-608385
-619784
-610392
-626397
-631694
-626529
-633372
-645100
-655562
-662010
-654723
-651450
-676437
-651516
-661714
-675071
-664264
-660267
-668508
-657487
-660004
-660859
-654065
-653638
-655332
-647304
-641416
-627746
-630559
-618501
-609487
-599502
-592758
-576769
-569087
-572772
-550647
-528852
-519870
-508652
-490146
-501710
-470933
-464830
-474963
-460537
-453036
-445946
-456540
-456063
-460109
-452312
-461803
-442278
-434152
-434579
-435665
-426059
-414281
-417949
-395397
-394212
-378010
-362251
-360211
-363814
-365047
-351542
-346575
-339255
-336080
-317492
-316817
-314284
-309942
-319861
-316883
-310024
-325503
-326079
-314449
-311142
-298657
-295022
-287702
-285382
-290383
-289807
-274509
-270627
-267847
-254309
-237547
-242515
-216656
-204073
-200223
-187376
-165992
-151138
-141120
-112350
-107103
-83070
-67246
-43772
-29642
-3454
3356
26369
41502
60847
74582
82988
107152
132945
140643
151434
160777
182968
189893
191406
207560
212182
214715
221410
226625
234044
232958
243551
239340
241446
254392
268143
268127
288804
295713
299611
302342
307260
331375
339715
339485
368946
362070
354059
382928
379803
395989
403770
413573
425105
416452
413919
425894
430023
429480
425072
434744
436817
445469
465669
459879
477430
487662
469699
484043
477578
465028
475572
462889
460997
457527
449976
423789
419446
416304
401532
400036
402437
390692
375246
372006
368650
364208
339074
336656
324499
314942
300055
292357
277980
262830
262715
237646
227743
218400
200848
185320
182590
181454
161435
150546
148226
131284
122878
114012
114538
94552
102398
92298
91213
105803
104537
109225
104224
103073
111363
120970
103286
127747
140479
141351
153951
154757
165992
178411
175467
161337
182672
165515
166239
165482
155579
140874
153655
150628
141482
144838
146170
132353
144131
150480
126069
132419
124260
117811
118617
107794
107909
117927
103879
97398
96756
97118
110080
109274
97282
89946
100095
92561
95440
92578
72115
70980
67427
49990
59399
48542
50418
51651
44792
43361
55468
47325
51651
54991
52145
61751
70996
65650
58264
73233
70404
72213
84715
79862
91459
89600
84583
82412
88844
78629
86508
89420
95144
86804
83909
94979
91903
104372
96690
101164
110014
105047
99997
95111
97907
96411
81326
76622
71588
67163
64647
54448
56405
48806
49085
39545
25859
28112
14574
13768
-3701
-17798
-13801
-36666
-50664
-33244
-63495
-78036
-80224
-80586
-76819
-107070
-122384
-123996
-145578
-160761
-173954
-190666
-195502
-198792
-216245
-224322
-237301
-242696
-267995
-269410
-290367
-304118
-312968
-323825
-328546
-337412
-343976
-346690
-359981
-380033
-362827
-365969
-367729
-378914
-372647
-379786
-371167
-365508
-370657
-370969
-364735
-380296
-391580
-376579
-393094
-385724
-377154
-390890
-401302
-393160
-397387
-413393
-410267
-397552
-408540
-428789
-431191
-430582
-444219
-428427
-443067
-445683
-446653
-454253
-450108
-460109
-452411
-459747
-462248
-472825
-452954
-459204
-456901
-464337
-451786
-470110
-471180
-467643
-471410
-467281
-472644
-463728
-472808
-462757
-492877
-492202
-474996
-483698
-492548
-485754
-499539
-491906
-486675
-479191
-482431
-470555
-461063
-464995
-455026
-464797
-469370
-460997
-460175
-445930
-442196
-449170
-448710
-426700
-424611
-421453
-416534
-400315
-403342
-393012
-377796
-378322
-368584
-357645
-350901
-332773
-322673
-318479
-297621
-291896
-275151
-264919
-254753
-255560
-235294
-214633
-212692
-200190
-185583
-169660
-157323
-138028
-126891
-110804
-93910
-82790
-69154
-59432
-37949
-18308
-3553
9738
24576
39331
65831
78645
108929
119604
118502
153902
173131
190370
209567
219979
233057
249819
275431
295548
309761
328727
354306
364110
381859
405464
437409
458810
473203
496199
515199
534313
556766
568051
596574
599305
615705
627746
637237
654789
664494
679151
687704
701127
715669
728532
746890
759375
767205
784987
789659
806388
832921
851180
872317
892287
898324
920037
949745
968448
985852
1010723
1029558
1046781
1079581
1093382
1100916
1145790
1162108
1176403
1198741
1220570
1250261
1256463
1294494
1308788
1334614
1364799
1363006
1395231
1417108
1430136
1459795
1476162
1489371
1504587
1506150
1512203
1531679
1544444
1548968
1564134
1567589
1574086
1576257
1576438
1577968
1592690
1580666
1587098
1587608
1582113
1580567
1567786
1575369
1558295
1550020
1549494
1512713
1524951
1509291
1503633
1496675
1487479
1468003
1463299
1455518
1431288
1413407
1403028
1393388
1389375
1369619
1358170
1344895
1343513
1329317
1298343
1311749
1309446
1306272
1300103
1287782
1283407
1267632
1260230
1247711
1238714
1238105
1224814
1220520
1207081
1188214
1165875
1152337
1142122
1137977
1124110
1106937
1093201
1086572
1072442
1052472
1049643
1036878
1008256
1000656
983384
968465
957427
928607
914527
906368
868369
849568
848663
815797
805911
776581
767353
753289
723795
714386
701703
670054
657141
621561
584763
583809
559250
528440
509178
475391
443512
428329
405711
371496
352135
327559
280267
268834
248881
231231
203365
195371
149510
119144
111133
67278
35449
3191
-36288
-85883
-121249
-157767
-198365
-231412
-284428
-329056
-369127
-408014
-452345
-499127
-529592
-559464
-588349
-614109
-647699
-679348
-720176
-746117
-776713
-806914
-843251
-864750
-893636
-933542
-963809
-978844
-1011579
-1038819
-1052357
-1089632
-1117053
-1123304
-1143010
-1188411
-1188263
-1199810
-1227067
-1249044
-1254176
-1280479
-1290513
-1326143
-1342280
-1342740
-1377416
-1391283
-1408933
-1431469
-1448675
-1462443
-1482791
-1497629
-1527419
-1557472
-1572573
-1599945
-1608712
-1628534
-1661071
-1663867
-1679166
-1708775
-1727971
-1753534
-1770493
-1776366
-1801056
-1817999
-1824415
-1848398
-1855784
-1860867
-1888189
-1890344
-1895986
-1916598
-1931221
-1931879
-1953757
-1959580
-1964910
-1966736
-1966654
-1980208
-1981787
-1984912
-1997792
-1997036
-1999487
-1985258
-1985044
-1977642
-1972625
-1960699
-1957261
-1930892
-1924592
-1900411
-1888995
-1871822
-1850372
-1849138
-1840815
-1825484
-1802405
-1791779
-1778751
-1764209
-1756396
-1733712
-1723316
-1704514
-1682850
-1693707
-1668457
-1649935
-1640838
-1610653
-1589581
-1576800
-1552307
-1524310
-1518141
-1487677
-1460469
-1462279
-1442901
-1396563
-1386644
-1366460
-1336012
-1332229
-1301024
-1276844
-1260016
-1240770
-1217872
-1185894
-1167273
-1153193
-1135690
-1113056
-1086556
-1065171
-1044527
-1021745
-983253
-954121
-928936
-902700
-871922
-841951
-810418
-768521
-752779
-714780
-676190
-659181
-632253
-599782
-565090
-540120
-507220
-471163
-453957
-402585
-362909
-329253
-289725
-251990
-199220
-158573
-136054
-81129
-30185
-296
39249
88334
131103
160037
195585
228780
252467
306240
334978
348483
396548
419758
453233
467265
498107
537784
569827
619110
626118
660217
695502
712839
748173
786517
819695
844041
868386
908062
941306
963859
990852
1020791
1061487
1076340
1116527
1140971
1161631
1185746
1226080
1242793
1269096
1306239
1332871
1360144
1388420
1417059
1443773
1476409
1493961
1514029
1553343
1572754
1591884
1613516
1627432
1638157
1660824
1679198
1680399
1698148
1710831
1714844
1714236
1739749
1739305
1767582
1765871
1760031
1780116
1792832
1799987
1819940
1829169
1830254
1848891
1857215
1865357
1876148
1892154
1897467
1900675
1891413
1889818
1914180
1894062
1888962
1904639
1901316
1901316
1893881
1887597
1888979
1894095
1886989
1877119
1873006
1855652
1854221
1858301
1835206
1825369
1826010
1799839
1793276
1798276
1756939
1758699
1752826
1724912
1707886
1703955
1682028
1659081
1630968
1583413
1589697
1567424
1521020
1514341
1484617
1459417
1449086
1412322
1392204
1374027
1348942
1338003
1336111
1303426
1286763
1283325
1258420
1246297
1221902
1196981
1196718
1175005
1171435
1158654
1142287
1146004
1139112
1135345
1124060
1113780
1109684
1108318
1093168
1080881
1073182
1072557
1052406
1028933
1029920
1016514
995294
996577
961523
944070
942014
928591
911928
887286
876907
867909
839501
805434
786698
782355
760444
745195
717133
687754
680631
659592
634342
626595
607464
560846
550351
539231
514886
489175
471196
439778
435797
412504
381184
356050
336590
325108
297045
261662
242696
210521
188281
164133
144015
134047
100589
74204
73760
40828
20496
8356
-19032
-37521
-48181
-54218
-78925
-80932
-83136
-91558
-108616
-129145
-132961
-125444
-144805
-153803
-171124
-189235
-203497
-217561
-233863
-250230
-281188
-275710
-291551
-314761
-310583
-310501
-327477
-341245
-346673
-354553
-354289
-361248
-374983
-386580
-407931
-412998
-435007
-447706
-470900
-483796
-490557
-519985
-549430
-569646
-585372
-608928
-623683
-638570
-674956
-705190
-715290
-732908
-749834
-766218
-781319
-799232
-811043
-821176
-849568
-872284
-892468
-915793
-923261
-951867
-993155
-1005608
-1027880
-1058493
-1059611
-1091161
-1125985
-1140362
-1167109
-1170629
-1197162
-1221738
-1233565
-1248534
-1270231
-1287223
-1294889
-1317967
-1325518
-1320599
-1336193
-1331258
-1345372
-1339862
-1342016
-1336868
-1348942
-1354617
-1354732
-1368632
-1365260
-1365292
-1382137
-1372497
-1396102
-1406795
-1407666
-1407354
-1402123
-1407930
-1422076
-1424478
-1419165
-1429462
-1430284
-1430367
-1430597
-1425086
-1421188
-1443839
-1438756
-1439414
-1429413
-1438707
-1456702
-1445484
-1452590
-1465059
-1458956
-1450846
-1479584
-1462887
-1469582
-1464335
-1471523
-1474961
-1455288
-1441700
-1442638
-1423557
-1413786
-1419066
-1411006
-1406318
-1394688
-1381281
-1368237
-1369553
-1365967
-1338118
-1338858
-1326028
-1326982
-1291204
-1280972
-1269474
-1251922
-1242596
-1218843
-1205930
-1179643
-1173623
-1139408
-1144820
-1120047
-1104847
-1081950
-1066652
-1041484
-1013158
-988878
-960520
-941899
-915892
-902403
-882664
-852644
-834385
-806634
-780513
-753568
-738862
-704121
-686273
-668557
-637040
-603203
-600078
-562178
-552654
-546321
-499966
-478417
-458645
-426223
-411764
-382155
-343762
-341245
-318676
-287488
-258471
-244769
-227332
-211360
-190107
-156731
-129112
-106543
-80915
-57935
-18341
-773
33425
62804
87363
129721
132698
180188
197740
216097
244061
262534
281040
309481
326852
338054
381990
386711
387073
427490
429974
432688
452641
466804
472479
488221
495541
514754
532651
530579
547259
564152
584583
595554
613534
621512
628305
640461
646219
656434
675269
664544
661517
675269
664823
675318
694235
684744
671321
670350
681832
685418
675433
683033
676009
687622
680730
690879
694794
713333
712543
723071
740623
747910
751907
753322
769919
777108
784099
784411
785711
791303
792537
792192
788310
785250
803575
790761
794955
816159
808362
818067
814662
819580
822640
818610
820156
814267
821735
808131
813115
815863
793952
790761
790267
775035
773999
776121
766053
738303
756973
742366
720455
732694
720784
704203
710174
700848
684168
693955
693955
658375
668130
660925
641300
632780
634309
615129
603467
599387
585685
580075
567245
554283
559119
532799
538228
532438
504128
510971
496940
478565
477249
473071
453957
457790
441538
419133
421107
412208
408046
397239
388521
386744
384392
385379
387337
389360
365047
390182
386037
374753
385099
380642
395249
396943
380921
385297
381941
380658
373371
363929
375378
367827
379638
385165
375032
380477
385066
384408
403737
399739
395166
407898
401829
412899
407536
397436
390528
389113
387188
388093
390511
400200
417817
416419
416337
447098
440715
451193
460734
466821
472232
485935
491610
490097
505395
506349
516959
529937
537915
521647
530891
524838
517649
509227
521647
499785
498453
499621
493699
487728
493057
500871
489093
494604
501677
492959
490343
497417
497203
508438
495854
498634
508125
496232
498881
491528
492449
469173
463712
463267
453398
440287
421798
406615
404855
379984
363485
355161
327181
306504
289297
269492
252812
237959
213827
190271
182886
159281
134721
97134
81491
43114
28622
4688
-41239
-61242
-74089
-117598
-133208
-163097
-197690
-226411
-256925
-278062
-302490
-323266
-354109
-367104
-409922
-430204
-449335
-465702
-481049
-515610
-512797
-548311
-558477
-575831
-599255
-606510
-636744
-645594
-661681
-659115
-680121
-685336
-685714
-708793
-713876
-703463
-724387
-727430
-747120
-753552
-756365
-777091
-770429
-781500
-774525
-764787
-779312
-769820
-771696
-779246
-773143
-766004
-782667
-786221
-785480
-783424
-812490
-776861
-791435
-806651
-780891
-800877
-787257
-793409
-798739
-802374
-795630
-778835
-778621
-802177
-803575
-796205
-798064
-798393
-811454
-793261
-812754
-803624
-800137
-801634
-805532
-805878
-821834
-799726
-804776
-807292
-802818
-806750
-792504
-801765
-749357
-765955
-750936
-758520
-749176
-728516
-721755
-726295
-721410
-711737
-697278
-693100
-717807
-694926
-689794
-679430
-667768
-669643
-605128
-599617
-611560
-553592
-552161
-533375
-506859
-502220
-488534
-462889
-450322
-426651
-416452
-370723
-358731
-331935
-311044
-283589
-267765
-228500
-192509
-173805
-148407
-130675
-106280
-99980
-67328
-39808
-24691
-13735
27207
25497
33968
55961
61488
80899
83827
85603
109142
125016
118765
121085
136416
153721
147091
165433
182063
181800
176043
178510
183182
196210
208267
213169
223434
240410
253339
275694
273638
286666
304760
307556
312195
328069
329023
356214
364258
372483
371150
368568
380510
400611
390643
395709
416880
408951
406846
417538
420795
405612
397173
393406
395792
402273
411419
399756
405184
409149
379490
400891
396334
395808
402832
409642
406944
414133
420153
421815
431553
446390
441225
443841
470291
453513
448282
466278
457428
448134
432161
431832
427769
411303
403654
403441
381596
371611
366034
367959
346361
323183
319597
302885
287768
282454
252039
235919
223499
206918
175845
165943
157060
137896
113748
89173
68677
55731
33886
11745
-14360
-30530
-45779
-71950
-73727
-104849
-115179
-121348
-147865
-125362
-165630
-187014
-184531
-206935
-218614
-213745
-235343
-252895
-253141
-254721
-268834
-270035
-277372
-285053
-290712
-306504
-310484
-316801
-316094
-330750
-342281
-338580
-362514
-372844
-377483
-395084
-410909
-398374
-424743
-436570
-434086
-456589
-460455
-476230
-484306
-514063
-514360
-537011
-553707
-556651
-590735
-590488
-599700
-613747
-624028
-644163
-652404
-644640
-652305
-667208
-668327
-682243
-700683
-708316
-710569
-713958
-720488
-728845
-744176
-728680
-726838
-727940
-726854
-730013
-737168
-730720
-733006
-735194
-725736
-727627
-750097
-756365
-757302
-765905
-760428
-761382
-759786
-759918
-768307
-760099
-750180
-763422
-750723
-751529
-755921
-754095
-753058
-751052
-740853
-742152
-743995
-751956
-734092
-738451
-729618
-721607
-710652
-702575
-712066
-688066
-688510
-679052
-669297
-662076
-654559
-641745
-612103
-621248
-606872
-591426
-588020
-571555
-558576
-532931
-514557
-503618
-495920
-480441
-466903
-462083
-455010
-445420
-432392
-425927
-423953
-401779
-414528
-407421
-402881
-401319
-403293
-392337
-389162
-384869
-372779
-364208
-371265
-357267
-347463
-342084
-336195
-331967
-326391
-320157
-308609
-303477
-295153
-302523
-301980
-281731
-276648
-281698
-269986
-269788
-253191
-247746
-234586
-236379
-220555
-220456
-215637
-212528
-196917
-189120
-173575
-175631
-171733
-149246
-137748
-139097
-125345
-117400
-123141
-110787
-117680
-121973
-102563
-109883
-103615
-88104
-91607
-73069
-62607
-61883
-55451
-49776
-36008
-30103
-28408
-16811
-11334
-18555
-5083
1431
-16153
4737
5461
-5543
-13258
-15890
-30580
-23572
-20332
-13012
-14459
477
2221
4178
21878
20003
38229
44002
40087
42933
62377
45285
58823
70305
63544
63035
60551
52490
36337
47358
29823
35547
32159
26484
18407
38952
22404
37011
37702
35909
37028
58034
51619
56455
44496
53971
39298
31501
43213
36419
23753
25924
11071
17601
16844
1332
4655
17716
20332
31649
27273
32751
40647
45861
45022
58560
67640
66653
74023
76984
84073
94256
102826
99503
114900
109406
108501
111001
113255
120377
121282
128981
125625
117910
123108
133011
124819
141203
144196
143144
160975
156846
158606
163508
153885
164840
180895
180155
202888
194992
201638
209945
219453
233567
238107
237547
249128
258849
254309
272897
272930
265380
273884
279757
288162
297670
311208
315567
327921
340439
347956
356428
360935
370903
369604
374654
399443
388866
384310
399723
407240
409198
406533
417357
433296
428723
451687
445255
444400
457313
455470
468465
481082
491429
486214
486182
494785
499177
502631
506464
502549
513521
510033
520183
526368
516021
528227
538047
526582
531451
543294
521581
528605
523522
528687
532487
528342
535925
523884
519541
497762
499259
482777
476888
482119
459649
443117
433675
419249
407454
417554
393604
390922
394081
379572
357398
352842
350095
330405
327296
313972
305171
300450
289742
290975
288195
291650
291008
276220
287916
277931
267979
273851
261942
242416
258767
240459
246035
248700
242712
238057
242087
242762
250723
260034
251250
251414
245015
230375
243815
230030
229915
245147
242219
241857
239258
249884
240410
256119
238008
242087
241545
235787
247401
218236
216788
227891
208859
193644
201671
200536
196687
195568
199483
203892
199763
202329
211343
206984
212133
215209
221937
209517
211820
231264
223993
230836
244341
251052
251760
257040
248174
250608
243354
234257
238633
227513
220177
211146
205898
200519
204599
203497
192722
193216
203892
179925
163508
153573
157915
136449
100145
98006
89798
84073
71259
56422
51602
24049
20101
15857
-11844
-10955
-14179
-40219
-59481
-56965
-71555
-92150
-94404
-109784
-126628
-133636
-135856
-140791
-152158
-156961
-148835
-159593
-165301
-179398
-181537
-183511
-199500
-194137
-203118
-222891
-212643
-217742
-217216
-211968
-234833
-236429
-244933
-253734
-263916
-302852
-302885
-302951
-305517
-314745
-317656
-336277
-348993
-346723
-355030
-372680
-364143
-375230
-387254
-390297
-410119
-424134
-433247
-448463
-456984
-481247
-495508
-493946
-501874
-518028
-532405
-541370
-547012
-558954
-562425
-564975
-567327
-573660
-593531
-597364
-593087
-596492
-584138
-597199
-603351
-593120
-598729
-614965
-624127
-620229
-615623
-620887
-629506
-621906
-620113
-619554
-625492
-610112
-614981
-593794
-581342
-594650
-569926
-563873
-560122
-567097
-550450
-541929
-532799
-520051
-515939
-515478
-503421
-505395
-499851
-489718
-473960
-468104
-476805
-451374
-453809
-437458
-411106
-405069
-396779
-386350
-369851
-355753
-339057
-329763
-306109
-295022
-284790
-272914
-258652
-235573
-232283
-207214
-203349
-184448
-159692
-155152
-140298
-113238
-116430
-89452
-74319
-64976
-42604
-20562
-19542
9113
24970
17321
42637
62607
70108
80158
104816
119571
132007
145266
164873
175138
188232
194121
212659
219288
246282
267798
274838
285465
315600
318841
320848
343186
345834
378668
387929
377006
394278
401384
388998
417686
423460
425006
449598
443183
443495
470094
473664
469436
478434
509918
502779
524986
549529
554052
543409
557836
567952
570962
576489
592659
595390
592939
599897
598137
604404
589929
586688
586770
576473
566241
569762
567179
548278
554480
544331
533474
523111
522107
509030
505066
481461
476723
468646
449055
441093
427490
414478
402042
368485
358747
347759
322591
315485
302325
273177
259261
254424
226641
210537
212791
194466
165235
162965
131761
126266
110656
80833
68578
54004
40153
27849
17420
7304
-4655
-24625
-39512
-41354
-62228
-96279
-104800
-98549
-134475
-145101
-165186
-187442
-203563
-235820
-260346
-292768
-321621
-333053
-365459
-392123
-417702
-451950
-479454
-507352
-529921
-554579
-559053
-593136
-625394
-644969
-664823
-670811
-711935
-726196
-752219
-764310
-770215
-793902
-803789
-812852
-829466
-849403
-861510
-870508
-873732
-884523
-897633
-926551
-924117
-933674
-952492
-949021
-948709
-964352
-967363
-962345
-966968
-965405
-973202
-960635
-956325
-955716
-950831
-954334
-946587
-928509
-932967
-919429
-911122
-900232
-890099
-873551
-874735
-872301
-848844
-837642
-836852
-828479
-812425
-809316
-783572
-765379
-746084
-732760
-711902
-712609
-684744
-672620
-655102
-644064
-621166
-603582
-581293
-556010
-546518
-533869
-529115
-520462
-497334
-498798
-478368
-455405
-439416
-421848
-408178
-392255
-377286
-348252
-332691
-313462
-295153
-287504
-266498
-238995
-232662
-201490
-186241
-189597
-165087
-129885
-125756
-112383
-95835
-74566
-50467
-27915
-20167
-3043
20167
40745
47473
69861
90686
115015
145200
169677
190650
206244
240623
264919
289873
296124
342429
365031
382418
406763
425845
453562
477282
490952
515708
555779
573117
606444
639063
665086
697673
733352
730111
765593
796107
806338
823413
849239
864981
898291
918047
939925
951357
964517
975423
992530
1005920
1012286
1021284
1026383
1029591
1039790
1036648
1038605
1038424
1042800
1057522
1047324
1046600
1047356
1058575
1061339
1058904
1054216
1044889
1028736
1031746
1012303
1011266
1015395
998090
998896
998896
985325
990194
995277
991313
987530
991066
986822
973926
967182
964533
966260
979700
959713
957674
957312
930565
942754
933098
929512
928953
925712
914231
925350
925959
903933
904262
891103
886826
891349
879259
880493
881101
864537
857019
864866
846278
824893
830749
824285
806190
805828
775249
749982
745376
744603
732546
706934
712313
691570
672291
657191
642682
612941
603006
595225
575289
548953
553361
530826
526795
513735
494620
487366
469650
464008
446324
441620
439498
429349
412981
412373
405118
393176
384195
383816
378799
386810
367745
368535
356675
355046
356576
343466
347858
328217
312870
321835
306027
303378
306273
299759
281352
281484
280448
272996
262781
257254
254161
246117
253503
240952
234669
228566
216426
213218
214189
220226
218285
205619
218367
217035
208136
220785
209961
215472
203349
198529
200388
189531
190995
193117
196078
169759
189992
166288
156764
154181
134623
136449
135692
116446
107267
121776
105770
91262
89255
85208
88433
87133
84567
96937
85669
81853
77642
82692
79402
72082
72970
82675
72509
83843
95259
90275
93252
96164
96476
96888
98072
106066
99026
112679
124161
142617
152569
153918
164791
179152
177260
173625
176733
176388
181668
184448
185501
204237
200487
190765
199681
198118
186570
185320
188248
192541
204928
201687
191933
194203
179875
183264
171996
169446
152882
140166
139229
120328
102793
95572
84748
70749
54596
46388
24082
21467
22898
-9162
-9278
-12699
-36255
-60189
-82132
-98565
-110113
-155250
-181718
-194894
-231691
-269542
-279954
-316669
-356099
-357316
-393966
-417817
-433461
-473894
-498387
-494719
-520627
-537553
-555549
-587823
-605769
-620821
-631677
-678986
-702098
-721311
-748354
-782042
-800416
-810237
-834730
-864570
-881874
-890609
-914132
-931404
-944744
-949531
-968711
-973959
-982332
-985589
-983236
-995689
-1008289
-1010246
-1030512
-1035003
-1031121
-1048014
-1062358
-1046008
-1069843
-1078331
-1072820
-1082016
-1097807
-1096771
-1102068
-1104831
-1101459
-1122185
-1128189
-1138372
-1131150
-1126627
-1118155
-1116066
-1122761
-1116362
-1122498
-1117793
-1105193
-1105653
-1100225
-1111904
-1104831
-1105341
-1108812
-1116839
-1128222
-1125969
-1131874
-1136167
-1130114
-1127926
-1129160
-1121642
-1091671
-1075633
-1074926
-1056140
-1032963
-1022156
-998699
-992070
-976163
-954269
-942063
-942902
-919527
-918162
-916484
-889787
-895955
-877598
-866001
-855292
-836836
-826719
-821916
-801173
-766317
-767369
-747975
-717610
-705059
-687836
-671452
-658852
-640675
-608056
-586474
-565682
-543903
-522486
-506612
-482530
-463235
-426651
-419413
-397157
-371282
-336590
-301108
-270759
-260017
-226921
-189301
-171683
-131004
-116430
-88613
-72361
-40022
-28030
6958
36584
56208
88482
108419
125756
150579
175121
194137
213926
220654
231938
264936
283047
297736
320403
331754
356971
368864
394969
411402
432178
454599
459418
482809
487530
511020
508273
532668
546272
545482
559662
578365
596722
600670
624078
636974
652305
658572
664692
695024
721607
738994
750147
781171
787240
810911
850226
867300
876117
920629
941932
964944
1001232
1016333
1046468
1072952
1092905
1119520
1140428
1156384
1177340
1203725
1220570
1249241
1273883
1290760
1318444
1326702
1339927
1356410
1375820
1391513
1407189
1411910
1422043
1439430
1440072
1459301
1475636
1474698
1477643
1486196
1479732
1506479
1510739
1501116
1521398
1523306
1518668
1527567
1524343
1545267
1546665
1539460
1551057
1564940
1555580
1569102
1592937
1582294
1582179
1592658
1589828
1594993
1587295
1582015
1596836
1598563
1578692
1574662
1581571
1567424
1560910
1566207
1557982
1568789
1580452
1578527
1581719
1582952
1577738
1579383
1585765
1576636
1582031
1577195
1573625
1578593
1566799
1552981
1552471
1553245
1532321
1514325
1504686
1494076
1488598
1478317
1460782
1436519
1432193
1406120
1384983
1384193
1351278
1327821
1306255
1289082
1267237
1255673
1244553
1221984
1200107
1199383
1171320
1138043
1125557
1095093
1068050
1045712
1023126
993665
974781
947590
914412
911566
888734
859059
828265
807473
789116
749226
722002
701637
662487
646877
618649
590735
565518
534247
503388
476888
466475
440929
397486
387024
373864
342035
315600
300697
268176
246134
227168
186702
154757
136942
110212
97315
68167
35399
30135
8652
-19081
-37110
-65568
-90045
-90686
-127615
-148736
-180517
-205981
-205175
-233830
-258899
-283030
-317360
-319301
-347331
-368765
-386530
-421338
-432556
-459106
-481674
-512517
-528671
-557852
-577147
-593844
-613419
-638817
-644344
-662767
-681585
-703710
-708316
-732398
-742481
-770462
-808230
-816652
-842659
-880624
-893817
-917159
-932901
-958825
-977594
-984651
-1011957
-1047159
-1053525
-1067721
-1109782
-1110440
-1116181
-1152683
-1153324
-1157914
-1183131
-1183805
-1199926
-1205354
-1187737
-1193790
-1200748
-1208545
-1208397
-1215059
-1207608
-1204564
-1217346
-1211588
-1212263
-1215109
-1219945
-1226508
-1232808
-1237875
-1231015
-1240556
-1253847
-1261809
-1262088
-1280561
-1274113
-1271695
-1288325
-1280249
-1286960
-1290184
-1293112
-1279887
-1302965
-1286795
-1267270
-1281597
-1287240
-1283390
-1283736
-1296468
-1298820
-1304627
-1304906
-1311585
-1302669
-1301797
-1312638
-1301107
-1303327
-1302653
-1303294
-1296912
-1298672
-1306058
-1308690
-1311174
-1304265
-1298442
-1286417
-1288161
-1286302
-1283473
-1260575
-1259029
-1235917
-1232512
-1214845
-1193987
-1185944
-1160200
-1140592
-1129193
-1113072
-1087230
-1083397
-1063526
-1031368
-1002153
-992037
-958398
-943494
-931272
-904344
-873633
-856888
-841178
-804101
-793228
-760905
-740162
-726805
-709846
-683938
-658638
-655332
-615310
-615573
-592725
-573611
-580108
-556076
-546420
-527190
-516564
-486971
-459632
-452213
-448496
-408178
-381349
-365113
-343449
-312113
-295811
-284461
-258224
-243206
-229503
-200190
-181208
-158146
-124358
-92101
-77198
-55912
-33261
-26122
9738
45795
54826
69976
92644
111429
128207
155843
165186
199532
224996
231296
264870
264541
289396
312919
305138
324220
347463
357974
385675
385889
399657
428427
447081
451868
488007
506431
508783
549348
555845
570189
600802
603138
617070
635691
652683
667027
677029
712247
716771
729174
747795
757598
767781
777963
791172
796929
805351
825864
834582
842297
850834
874324
870952
886447
881809
884046
898636
906285
901581
910184
922209
916632
928723
943642
933509
939941
953627
956506
965816
975324
983055
985112
996527
1005969
1014622
1022222
1029690
1039395
1037799
1048853
1034625
1045366
1049232
1066931
1064283
1053657
1070698
1065155
1070320
1080815
1081127
1069530
1089122
1098876
1088875
1099386
1110128
1121642
1120195
1143882
1151334
1149919
1145330
1151071
1163490
1148702
1161878
1174972
1175613
1191865
1191997
1201077
1208759
1217757
1221771
1221030
1226590
1238121
1230308
1235670
1252548
1247218
1245129
1258815
1266842
1255245
1266447
1270083
1254373
1250755
1264062
1254851
1254176
1247679
1251528
1241345
1249735
1251807
1242480
1246544
1239125
1246132
1229617
1220701
1217527
1218941
1212049
1201752
1184809
1189562
1177637
1152831
1146070
1125705
1084615
1090388
1060878
1044692
1032519
1006874
983368
966474
937309
909937
900989
860605
834582
809793
790974
769952
759441
731740
699926
677210
640067
637073
621512
590110
575749
566060
539116
532092
525052
491445
486872
474470
449187
439794
414248
373519
353796
333826
294890
267239
241117
204977
189038
161847
135495
103681
94502
76309
39331
5297
-11284
-39972
-95605
-118075
-142535
-188478
-229059
-255823
-288689
-330800
-349075
-366544
-404378
-428543
-449828
-484520
-505016
-535744
-556141
-582510
-604618
-622581
-650068
-669709
-695666
-718235
-729437
-774953
-805631
-820945
-849584
-867596
-900347
-941964
-953973
-964467
-992119
-1007499
-1024344
-1051107
-1076390
-1093728
-1105341
-1136266
-1142023
-1167717
-1166944
-1163737
-1185335
-1203693
-1219616
-1236345
-1270790
-1275001
-1295481
-1308130
-1330847
-1332262
-1343250
-1379456
-1397517
-1403307
-1414460
-1425498
-1433048
-1432818
-1425004
-1421632
-1429034
-1427982
-1420875
-1418030
-1421895
-1401366
-1397863
-1390230
-1370787
-1366263
-1358614
-1355291
-1345734
-1342230
-1334664
-1322310
-1288391
-1278554
-1258387
-1223827
-1204466
-1192951
-1158424
-1137483
-1115836
-1099781
-1083990
-1065467
-1045991
-1023817
-1006348
-990589
-981048
-962757
-950584
-940320
-939004
-916747
-909691
-912536
-893274
-890313
-874999
-861263
-841886
-822854
-801074
-784510
-768192
-750114
-722183
-694679
-681552
-650183
-622729
-619883
-600884
-575157
-550894
-542916
-508915
-472923
-457592
-437540
-406105
-392156
-373947
-343581
-299167
-274246
-249078
-219371
-181833
-160070
-124506
-84353
-59876
-44940
-5198
19016
33820
57392
87807
121940
132813
163541
177128
202872
241956
253158
287241
299891
334698
357431
382204
412142
421058
455421
471229
489784
505247
542390
566537
580717
601197
619357
630658
655250
672045
671518
693840
717116
732529
742810
752006
758306
764425
777387
778012
776729
793902
794709
804545
811421
808427
802785
816356
809628
813362
828233
821719
837823
841080
830848
836392
840866
837148
841178
846557
837971
836359
846393
840027
832690
846557
835602
833727
832707
828660
823709
827953
830141
831506
838053
835158
847742
841836
854519
854831
840652
869636
868205
864339
878256
877548
880953
893323
882713
885082
899673
896679
896663
901285
913046
876923
882253
872794
869422
875903
868271
860605
847594
841244
829006
828874
820814
802423
784016
777585
764639
753634
728483
729420
709023
707658
693478
656664
643932
629161
612629
602134
578792
579697
569334
553657
535563
528901
516465
497005
487711
484076
475851
461474
460455
463498
451522
448331
451177
437573
433050
440304
446505
431421
436586
427095
422275
413064
418262
402042
398259
399558
385099
385165
377796
376891
363073
369768
372022
363616
356050
356559
357859
361758
348927
337445
340801
335784
312113
325009
313445
303526
311521
285547
285004
289495
277470
268982
246874
243206
227349
206244
207626
200075
196308
189893
182178
172605
159807
154033
135791
123980
118420
116051
103895
98615
81359
57968
53083
46552
13752
-1349
-9310
-35794
-41798
-47638
-66259
-64992
-61044
-72608
-79681
-76178
-87330
-96657
-79912
-64268
-81672
-71506
-68529
-74862
-65913
-59958
-62261
-60880
-65584
-73760
-73743
-82626
-89946
-78546
-100737
-115360
-109060
-131300
-140758
-129968
-153096
-149641
-150809
-162620
-169545
-159988
-177408
-200816
-194219
-228780
-248190
-260725
-289001
-300648
-301667
-320667
-314202
-307343
-332510
-341590
-350802
-368321
-404214
-417159
-427210
-449549
-446522
-454516
-483007
-467265
-474996
-492087
-490870
-494127
-512599
-518406
-533161
-545268
-551026
-559645
-575552
-586359
-592873
-611116
-619587
-630674
-651006
-658753
-648439
-668853
-685484
-681240
-700058
-702229
-706358
-728121
-734980
-762977
-794330
-805022
-822969
-823594
-842231
-868040
-886645
-900035
-919017
-921682
-942524
-949219
-976656
-985950
-996166
-990984
-997366
-994800
-989092
-998946
-1003222
-1016563
-1023159
-1032667
-1027732
-1038671
-1050169
-1051321
-1061042
-1061733
-1067474
-1069152
-1060878
-1068988
-1044017
-1042224
-1033193
-1025429
-1015741
-1009654
-1010131
-1001857
-1004292
-1005821
-1003173
-1020708
-1015165
-1016629
-1016629
-1018257
-1029772
-1018981
-1027387
-1042915
-1041385
-1044247
-1057983
-1039263
-1044017
-1053953
-1053163
-1023439
-1011875
-1016612
-1002844
-1012253
-1025446
-1017369
-1015527
-1005838
-983253
-985819
-969879
-953874
-946982
-937918
-934973
-910003
-887698
-869208
-858138
-844863
-833677
-806914
-779920
-770561
-756480
-751858
-733204
-710553
-691110
-664741
-643028
-604931
-591327
-582592
-556931
-550466
-544215
-513784
-494900
-467692
-461310
-433889
-406105
-384145
-348483
-320305
-298690
-263060
-226197
-198430
-164429
-150036
-126711
-102003
-62113
-21450
-6678
32504
50615
91887
114291
141992
191752
213350
242038
283178
305928
330092
360326
384359
412800
435945
462445
501792
528917
556635
582296
604996
618896
625838
635889
648423
659559
693692
713777
725818
742448
764902
781483
781483
780085
799479
817771
823380
851755
852430
854519
864570
856756
871692
894491
885066
892698
915793
925235
933707
965833
954614
971458
990046
987628
1012878
1028275
1023028
1057999
1072360
1076966
1108384
1115342
1145938
1148850
1173409
1188674
1216605
1221655
1215059
1228614
1232858
1250278
1235851
1251955
1258042
1252169
1267155
1276334
1265181
1276070
1293819
1293161
1304364
1316668
1323609
1315928
1317721
1326110
1327245
1315483
1322639
1313625
1306946
1319185
1333973
1327870
1302505
1295974
1305959
1305992
1293902
1290710
1277107
1271514
1257779
1239520
1244060
1241526
1243550
1234716
1246840
1228317
1242184
1245754
1221080
1234486
1230999
1223893
1227890
1232759
1218201
1198823
1183394
1183180
1170382
1166402
1154541
1147616
1129851
1120771
1106509
1093843
1079005
1050679
1041550
1012418
990425
977824
965142
954170
920021
889902
878749
862793
834566
842511
814908
793162
790563
776992
743649
738928
726937
701621
682457
677720
650117
623847
604931
581671
554908
541699
526565
491906
478483
461968
433346
419298
394953
347315
343762
333218
297522
282833
254573
214255
179530
160235
98319
89140
49233
-790
-32932
-82182
-142025
-176585
-215127
-261251
-284922
-332527
-371529
-389310
-454779
-497663
-539116
-580602
-616939
-647074
-671518
-719238
-749291
-786714
-819465
-849666
-890609
-914839
-932901
-970850
-984454
-1012566
-1044247
-1057489
-1078446
-1119882
-1138339
-1159591
-1187523
-1193872
-1208117
-1226821
-1250195
-1263947
-1279739
-1294231
-1306502
-1307259
-1315138
-1337345
-1325468
-1348053
-1357759
-1351129
-1361772
-1371116
-1355258
-1371329
-1379817
-1370046
-1388832
-1384719
-1401712
-1392845
-1392286
-1397994
-1421994
-1405709
-1422241
-1414115
-1407354
-1418934
-1406729
-1404064
-1406827
-1397682
-1385986
-1390937
-1381775
-1400840
-1419740
-1412026
-1416483
-1410134
-1399211
-1412009
-1395083
-1389868
-1393191
-1385739
-1377646
-1365556
-1365112
-1338710
-1336605
-1327853
-1301896
-1305449
-1283456
-1261529
-1227051
-1209664
-1186569
-1149228
-1126018
-1102906
-1062951
-1033901
-1009243
-974403
-940731
-914658
-891234
-864060
-821554
-794264
-773143
-742350
-705190
-661418
-635296
-624752
-589402
-566472
-534444
-496282
-474535
-448841
-427885
-392551
-351575
-328217
-299447
-267897
-251052
-236643
-219436
-183478
-184498
-172128
-150562
-141203
-118782
-107761
-99075
-84649
-64318
-45450
-20085
707
19065
40581
52507
49891
67311
86656
100210
127040
122993
156649
171091
186060
216393
210817
209583
235327
255510
251891
257731
267831
259754
268620
288343
292423
312968
339468
352316
372614
377417
395463
413195
407043
416863
419347
425450
435468
432112
457773
470275
480885
497449
494670
503733
501529
487711
495196
509425
506990
508191
518834
531089
512780
521614
518587
514080
525924
540958
561520
568446
554315
581145
573890
569613
600802
615557
599239
616544
643192
655250
669511
682358
672522
678410
676667
666419
670745
674397
662454
680697
682819
672916
683280
678542
693166
698939
688313
704253
683707
687902
666912
672900
671864
656023
663639
646844
623025
625854
615031
602332
600719
581770
553115
556059
534773
511530
502236
507928
490162
490376
494127
482003
470456
464337
462659
453299
456638
456408
447278
448578
447328
429283
429480
433823
424447
427802
435780
444087
440732
445124
438017
432392
433823
432063
404855
404164
394229
386991
379934
353780
346871
334369
323726
309678
306421
286715
266433
256579
248256
217051
204994
189317
174496
139887
136136
113814
76441
77000
52540
17716
18489
12535
-31715
-43706
-45055
-75799
-92199
-101691
-125608
-127007
-145266
-170631
-173065
-191916
-201753
-213120
-240821
-234685
-260412
-276714
-285596
-298772
-310994
-339567
-347956
-338054
-346953
-385511
-363057
-366396
-382517
-369258
-384557
-398670
-419742
-416222
-428378
-438494
-445387
-453908
-471377
-483369
-487333
-509408
-509721
-515659
-539067
-532997
-541337
-559958
-557194
-574154
-581457
-582641
-593975
-609306
-625279
-623601
-630263
-648275
-654542
-657849
-650134
-669413
-675828
-670860
-686191
-679858
-697689
-709484
-702789
-715011
-722216
-723367
-741083
-732842
-743024
-758108
-772074
-767139
-765675
-768866
-767073
-768685
-784789
-767600
-766859
-763668
-749571
-756036
-752631
-749291
-747054
-732135
-730753
-719090
-714238
-716540
-715767
-705322
-709994
-703463
-703397
-714978
-694663
-698183
-684990
-667603
-668327
-654625
-640725
-638800
-638932
-614998
-627055
-625460
-603105
-589912
-592709
-572739
-567771
-554217
-541403
-529559
-513586
-498469
-493271
-476542
-460027
-455158
-442821
-455322
-447756
-433839
-443808
-447706
-451786
-446407
-446259
-440584
-449220
-462659
-459040
-460767
-477825
-481625
-476953
-473976
-475308
-471525
-469452
-466574
-462560
-456145
-457888
-452427
-470752
-473729
-482086
-480984
-486626
-481543
-481740
-465357
-484323
-466245
-455076
-472101
-440436
-434185
-429760
-427720
-421206
-414774
-402996
-392715
-398177
-389014
-388274
-377862
-367071
-343778
-325799
-312623
-297226
-286320
-265281
-244259
-241462
-221361
-172457
-159198
-166979
-118552
-111741
-96707
-69993
-74138
-64087
-26763
-31912
-822
28260
30859
47490
62788
82198
111972
141712
164857
185419
197723
224536
250213
249276
270660
305434
306948
321226
350736
346756
363583
384902
398572
423361
429020
458185
454319
474618
490968
507270
525315
539873
562310
584698
599042
621397
641383
656253
671041
691422
707575
724699
734767
753552
773028
780644
780480
812754
811339
820436
835043
833661
849831
842708
853285
854025
860457
876907
880147
885526
906203
897617
910908
907963
929315
951127
959269
968382
970389
993599
996939
1015625
1010493
994899
1016908
1004900
1005509
1011102
995721
996955
994702
979371
987283
1003239
994915
981937
982299
989273
984750
1005065
1015428
1012434
1023061
1017287
1011628
994883
1002499
986822
984207
1004489
988714
966935
952295
940895
921616
920597
894902
885411
853713
849354
822689
798623
788112
763866
733220
714205
689382
662553
654394
639688
609668
583596
568265
539100
502549
484767
475917
438330
412455
386876
366808
354668
345127
302967
283260
282537
247137
225523
202592
179102
162143
145200
131201
106807
94798
89716
69910
58034
49135
31402
22964
20562
-3750
15594
-115
-24378
-50385
-41519
-45631
-53296
-56915
-77790
-86031
-87511
-106313
-109948
-101428
-132649
-120937
-116528
-135840
-143802
-150858
-157422
-168525
-186225
-194351
-207823
-207313
-226839
-234948
-230885
-245986
-253750
-274509
-285465
-305648
-299249
-316916
-318084
-318133
-308593
-317706
-321621
-317229
-311833
-316209
-324236
-325141
-316982
-328003
-328398
-323331
-323496
-316900
-316324
-323562
-310238
-311916
-312245
-294413
-307211
-304447
-284593
-295318
-299545
-289314
-286781
-283968
-303296
-291403
-293295
-302556
-299611
-301585
-310567
-308083
-303181
-322953
-327131
-330388
-337017
-337034
-341738
-329220
-327214
-348121
-343202
-346492
-359981
-357382
-365475
-351723
-365705
-377006
-380181
-380395
-391482
-399920
-395512
-415663
-419841
-415284
-409543
-410234
-408918
-411122
-418097
-406714
-407948
-419824
-424792
-416880
-433329
-425236
-415021
-432803
-433971
-437392
-444038
-461162
-458694
-491166
-497663
-495558
-495772
-527272
-534510
-543722
-556454
-572196
-600539
-615376
-635839
-642764
-664445
-692014
-697508
-710290
-728565
-734372
-756628
-754407
-761826
-771613
-784855
-806470
-802703
-815994
-827937
-842412
-843777
-843777
-862332
-876479
-877384
-894277
-910020
-909740
-916566
-908177
-916797
-905891
-922587
-923475
-912783
-926305
-922406
-929808
-909707
-904164
-901614
-897715
-875821
-895725
-893554
-884885
-884835
-878601
-876364
-864964
-864043
-857398
-856361
-843086
-825584
-834714
-811767
-803114
-795547
-763487
-745870
-740425
-713859
-684332
-673854
-651302
-626858
-617416
-595933
-586293
-572558
-550943
-521153
-515708
-498058
-482875
-484520
-471081
-452312
-423558
-425121
-408030
-388027
-370969
-363551
-356708
-339041
-335389
-305665
-295170
-281073
-256168
-250181
-228336
-212922
-182507
-167982
-169710
-147404
-141367
-135577
-113189
-95966
-87380
-73266
-50089
-43723
-16910
6744
13999
26451
26451
37653
56734
63512
85258
82790
76145
84419
91377
98434
114192
110524
107481
122236
118486
132172
145233
156336
165153
168032
169397
183856
199417
202658
199532
206375
223450
251645
263916
277388
297391
304382
318018
323052
327855
334813
342512
344897
363567
368781
354964
384507
378552
387369
408639
398358
416090
417768
426437
433115
432425
436932
462560
468614
500345
509902
508142
527634
530579
541452
538869
570568
576522
586260
601591
624604
612695
623601
639754
634902
656812
673722
669709
691389
717626
721179
735852
755312
749637
763306
767369
775380
769623
781088
774311
778111
775907
778275
787652
780085
800499
822623
804710
810763
831901
820419
839172
836063
826571
837642
845521
836244
829236
828282
853762
842100
848844
862086
855934
853384
849617
846969
858236
858171
843975
848975
848186
848778
829845
853828
833694
816340
823824
817030
789066
778966
776713
747005
737991
721344
709007
692985
673426
667537
667653
663540
653769
665563
649986
639639
648818
646383
631595
623798
613846
604996
589550
582954
587033
575305
553657
558790
536451
511909
516005
480112
448858
418311
397634
377648
357366
324401
278523
279313
245805
203349
191390
169397
138176
111248
81820
44085
27668
3668
-21960
-44479
-67591
-90653
-127648
-146565
-172654
-194532
-209665
-245131
-263686
-292045
-317130
-332922
-344518
-390577
-410497
-423147
-439958
-467478
-486412
-488781
-502697
-517518
-525233
-545449
-556454
-561487
-577723
-586951
-605227
-611543
-619784
-631135
-648719
-642616
-658062
-669018
-651499
-665662
-683855
-676206
-692425
-711935
-716837
-722824
-740359
-748436
-751315
-761958
-764853
-787125
-803262
-801469
-802933
-822196
-827854
-842758
-841458
-840800
-859388
-855325
-846837
-857266
-857496
-859931
-868139
-888652
-879243
-885131
-900133
-892040
-880772
-885312
-873008
-863023
-867909
-858187
-842692
-829614
-820485
-812013
-789461
-778604
-759704
-746363
-726114
-716590
-713958
-686125
-666452
-659049
-648538
-621068
-613435
-588646
-588086
-565978
-531796
-528243
-511744
-479980
-476986
-449022
-438906
-424348
-394393
-361083
-350391
-321752
-282718
-268686
-257747
-249983
-230392
-220506
-206902
-184251
-163393
-148111
-121118
-96295
-75454
-54020
-39808
-17305
1941
14048
34264
63133
76408
110787
115689
118502
147272
151270
167193
189416
197460
211294
211195
213630
234685
235063
235771
227365
235672
230704
225079
227678
233303
237465
221098
225523
213054
208481
219601
231560
206096
224009
222233
210340
205602
203118
205306
204385
199927
205454
188314
180632
183955
182688
162521
159001
166173
158113
155135
154379
135363
140183
138933
127418
117022
124885
116627
118963
128010
136679
139048
148375
163294
156846
177326
184942
212314
222644
218811
245624
243140
246463
262715
274559
281467
288409
301733
316686
333053
329813
336886
346213
353204
364768
378635
391350
409395
415070
404674
419989
409313
404214
424479
408704
412899
409461
400973
395380
399509
395495
363304
373272
366972
347117
343137
339929
330800
338416
333415
329155
323973
308971
307227
309563
303576
307145
298197
292077
295400
287126
287143
294199
287784
294973
301158
301519
305484
316011
332181
339436
359307
368304
381941
392567
416074
436043
453052
474585
489274
503371
544709
545959
576654
599848
601871
625476
635823
661270
670284
683691
703348
714484
737382
736132
746281
767649
774476
778654
792833
799610
788523
782256
783342
782980
770149
761859
752548
754703
741001
725209
699614
704286
694465
672291
665086
648736
634737
616741
603779
585010
576062
546469
522091
503503
486840
478615
455717
436521
423706
393258
379474
349568
318051
304694
284346
266515
243420
241133
217791
205010
189120
163163
157191
132583
119456
107942
89962
84929
64811
43065
39347
36715
7221
12469
12666
-8735
-9409
-31468
-37390
-36765
-45763
-52540
-77247
-82922
-80142
-102464
-112893
-144443
-139623
-150595
-171980
-171766
-187376
-200256
-201161
-216936
-234060
-257928
-262435
-273769
-290975
-300516
-303263
-315403
-344880
-359816
-357925
-384293
-401812
-398078
-414791
-451095
-457905
-474897
-498272
-512155
-531599
-547291
-552572
-573594
-567853
-573940
-587757
-609224
-597265
-619669
-629111
-620278
-636497
-638701
-643028
-658030
-652256
-633503
-641695
-637928
-636020
-637978
-629078
-632418
-643357
-645166
-645479
-646712
-637797
-628897
-632385
-632615
-622844
-631595
-624818
-633684
-619982
-614257
-613764
-599650
-597133
-593515
-583020
-592643
-581572
-581276
-575683
-576226
-583069
-558642
-582740
-581556
-581720
-584056
-595225
-609438
-609783
-617449
-604996
-598038
-599502
-600950
-591804
-611724
-623041
-610622
-622597
-646795
-635527
-635050
-655875
-638849
-633717
-660267
-646910
-652634
-646038
-642287
-655003
-656401
-647337
-658984
-644508
-641777
-648259
-646038
-614784
-623996
-633668
-594896
-596048
-584912
-556010
-547736
-560879
-550187
-544446
-528605
-522732
-497927
-470637
-465176
-455339
-437442
-418081
-397897
-388603
-371775
-342084
-331967
-302112
-278161
-259080
-227974
-208103
-200618
-185764
-169742
-147141
-131547
-120690
-116660
-109504
-103944
-103615
-107399
-100358
-95012
-111922
-104619
-101543
-106757
-102694
-103237
-93499
-90258
-104224
-112597
-88564
-78382
-87988
-70700
-75701
-57623
-54843
-39660
-41272
-34972
-16137
-39528
-20874
-1612
-32619
-14936
-3487
7896
27454
42670
33392
34807
84304
66275
78777
103369
98056
108665
126497
129227
149312
166814
169052
196078
200733
216196
237169
265100
267485
286814
329007
328381
332214
355967
382023
391268
426503
447130
450091
463300
495755
483994
514820
535941
550187
557704
566998
564037
585306
589945
592396
616774
627483
641317
646482
661369
656237
667077
681256
660168
665021
662109
659181
635889
630904
635411
645594
626743
627746
608615
600127
587346
596870
595192
603319
596327
597101
606526
606740
607628
615508
609964
611445
610819
616083
631118
605605
631135
628552
618255
620360
609882
602841
613830
618995
599650
613320
617136
614225
618600
624242
628437
641514
639096
643028
647239
670416
678575
696900
716261
724716
731789
743238
751759
761464
790530
782092
826374
812096
841836
854437
827065
864487
876578
888043
893208
904805
906187
926305
908704
909575
931568
922406
928854
945995
950403
930071
945896
933082
943182
944563
952805
944827
938921
929183
914757
920004
904838
915300
917998
901729
901959
904690
892484
876314
893800
892994
898077
889129
877055
881726
879391
865918
868633
848350
846097
875870
850801
840224
855703
839287
839599
853400
855111
840241
855802
835470
839451
855325
852907
854799
860984
854453
861444
870820
858993
862629
861790
863517
859355
858121
865063
854979
859043
861411
857463
847544
847001
824860
823495
812918
802111
780529
775561
752433
740771
723762
721574
698430
680319
687359
666912
646531
645051
637024
605260
585405
562112
529559
519920
501118
464699
450651
439580
395824
370180
363468
310353
289988
285843
239784
215604
197723
160597
143621
116413
87347
64252
32488
18966
-4425
-30267
-54070
-82445
-108386
-139952
-171519
-201885
-216574
-249769
-286929
-296946
-327098
-366413
-389952
-409494
-431388
-472150
-508207
-532668
-546782
-594847
-617991
-639326
-670103
-693495
-728466
-748864
-776219
-804167
-818182
-860951
-875969
-876528
-907519
-914889
-941487
-955914
-962592
-971064
-1000278
-1009144
-1015165
-1035365
-1032058
-1042800
-1060993
-1053821
-1070665
-1075156
-1104436
-1104074
-1108664
-1135921
-1125574
-1128222
-1135904
-1149080
-1148998
-1165217
-1155973
-1160101
-1152617
-1160249
-1156334
-1160809
-1166007
-1166500
-1171369
-1160447
-1155857
-1140017
-1137220
-1147435
-1123962
-1117218
-1124225
-1121297
-1117333
-1116938
-1108565
-1106920
-1108582
-1099123
-1092247
-1091836
-1074070
-1090783
-1089697
-1083957
-1078068
-1080831
-1073133
-1060894
-1062786
-1049363
-1046271
-1042619
-1021777
-1019146
-1009704
-1012220
-986592
-979288
-987809
-969698
-967840
-954663
-946143
-941685
-927900
-914543
-909115
-884079
-866642
-850818
-828052
-792258
-777700
-755624
-731131
-705141
-686076
-667636
-637418
-615902
-600275
-561997
-538458
-539182
-510576
-479075
-460932
-434941
-396598
-382928
-352102
-317278
-296667
-286287
-249325
-228434
-208004
-177688
-155991
-129935
-109011
-77592
-42670
-20858
15479
33853
46667
81754
99651
125493
150069
186554
207033
212807
260445
277421
312014
340061
355786
380642
391268
416156
430747
449137
467923
488024
510675
537076
559925
587642
612053
640100
673607
692968
731493
749982
770297
804957
822854
848564
872235
901203
908029
937688
964056
970850
1001166
1008174
1022041
1044330
1056881
1058986
1078331
1106591
1123304
1125574
1127087
1136299
1158654
1166813
1168820
1182111
1211161
1205535
1219566
1231097
1237924
1244405
1258683
1281861
1284575
1296320
1310976
1321043
1333973
1345899
1360571
1377465
1384522
1378074
1392714
1417882
1409821
1424083
1422619
1434825
1440434
1442062
1452129
1461670
1466062
1465042
1458413
1472181
1467197
1471408
1463233
1449892
1458791
1468711
1469138
1453166
1457311
1439414
1435269
1443510
1429709
1432637
1434825
1418786
1430498
1413078
1410562
1415003
1405643
1399458
1400429
1389227
1394671
1405742
1388470
1384061
1382811
1361312
1358417
1348382
1333380
1317836
1296583
1288292
1272846
1273225
1253798
1215322
1195731
1183723
1160759
1146563
1122728
1083200
1051074
1025528
993945
966655
948807
919429
882203
861806
842461
813708
807983
777173
747005
703743
678986
652815
625838
599486
578381
553312
533573
516334
488123
470341
445732
431651
402289
393949
382369
376529
347298
336392
317969
292242
281352
264985
254112
236429
228862
238830
212626
216953
203480
186702
183971
184925
160218
136843
133488
107366
102628
106609
83465
79056
66127
57919
49924
50845
41338
25184
13357
4524
-11301
-5313
-17190
-23325
-26155
-31221
-22240
-17190
-34610
-40647
-38212
-54547
-44874
-49085
-57277
-57540
-74352
-73628
-65568
-88515
-87791
-87972
-87692
-82511
-91854
-81606
-85455
-95078
-91706
-93022
-101082
-100490
-108731
-127961
-115985
-120295
-137090
-126069
-145101
-157290
-162274
-175664
-172654
-173509
-203513
-204336
-211162
-219058
-230968
-231642
-221904
-236445
-252319
-264376
-260527
-275365
-284346
-284955
-287883
-298443
-311603
-312475
-301273
-307474
-302901
-305171
-318742
-307441
-294232
-313528
-301931
-293081
-296650
-291436
-299118
-298180
-291436
-288442
-291288
-296042
-312590
-308181
-288656
-295663
-300368
-287981
-288919
-297243
-285021
-294380
-308889
-307672
-324187
-321588
-326769
-332642
-351477
-344963
-356888
-379885
-363962
-390626
-384014
-400315
-399443
-412784
-431240
-437129
-437672
-450980
-467478
-455947
-460438
-461030
-466212
-473450
-474881
-469321
-457790
-452328
-455635
-461902
-457362
-446505
-448019
-434678
-415646
-422769
-395249
-393489
-391482
-379655
-358468
-357152
-358780
-359948
-365952
-347282
-341903
-335817
-332905
-330306
-316867
-316373
-306224
-293229
-276598
-266021
-264344
-262304
-241660
-243864
-232958
-245279
-245657
-220111
-225967
-223335
-227974
-231247
-223220
-226888
-219371
-201687
-216804
-217462
-200388
-192509
-192130
-168394
-163228
-178000
-145874
-143374
-133570
-111330
-87725
-82659
-71078
-51438
-35728
-34314
-28359
-4211
-7633
19098
26434
26401
38442
45335
45335
55797
68578
64630
75076
89551
86705
99339
106034
107728
128619
150266
158063
174973
198743
212083
225391
241610
249490
263093
279526
294249
291962
306866
333530
330355
344584
371775
380658
386350
406056
414708
438626
449845
464468
469304
479799
484290
496068
508421
528769
525874
513800
534609
524608
520265
533606
516547
502763
521482
503421
497482
504490
485047
469370
488978
470078
467182
473713
466952
476016
468844
465208
465340
469946
464172
459764
461984
442459
450256
439185
432573
436553
417521
429743
426651
421272
419117
406632
413754
410826
410497
403260
408606
380280
388422
391926
385659
379375
387846
381925
380625
385346
392913
405743
407734
419956
413787
427934
437688
448874
446966
444186
462396
476805
480210
486708
498453
492251
504013
534000
546880
553756
573874
591195
601164
604454
616741
628388
648028
660974
673459
691883
684415
711310
714484
727331
733154
739372
748058
751759
753354
762188
768554
767435
786944
778407
787438
790152
797143
803641
802851
812112
804660
797044
796847
793985
781977
779394
775775
772140
758668
739866
750591
730852
729091
715899
700206
703726
701440
684382
689267
687408
677917
668014
677325
684020
656187
655463
635494
620673
603055
586162
561191
555006
531895
512188
498700
479404
460487
445222
411254
389837
371446
334780
314284
297588
265890
243551
220242
196177
178313
174332
149460
121990
118025
83350
76194
64170
41634
22667
3537
-11548
-40433
-62886
-60847
-75174
-109258
-124243
-135824
-157734
-163804
-179102
-197345
-211113
-222924
-230984
-254046
-262896
-282241
-289445
-322098
-325157
-345900
-364159
-375542
-397979
-425203
-447575
-463892
-496874
-507665
-538277
-561833
-572953
-600933
-621495
-636563
-653736
-668278
-680582
-713941
-736428
-752154
-773587
-793754
-820287
-834944
-859766
-877844
-887237
-907157
-934118
-940500
-963513
-954384
-958200
-965783
-959352
-958447
-973515
-971080
-961770
-977314
-968037
-967724
-964912
-961638
-969633
-960881
-946751
-954663
-940155
-940303
-933279
-925943
-921995
-904739
-903802
-874406
-870524
-852989
-856855
-849140
-830848
-812754
-789099
-778473
-770232
-747416
-731098
-712379
-695781
-656582
-639721
-620344
-588777
-552358
-534444
-511201
-489685
-461836
-437985
-402108
-396071
-351230
-338843
-313774
-290959
-265610
-236281
-216393
-195963
-178247
-168410
-154905
-121430
-101740
-89847
-85718
-62130
-44973
-14541
-16598
3109
22996
38607
36518
37801
57507
61916
76095
81014
73858
65387
73990
66292
52096
55879
49200
38426
34857
25480
21796
5231
3602
-14706
-23029
-17206
-7863
-36288
-32586
-43657
-38804
-33508
-54760
-42802
-40482
-41667
-41058
-40137
-39512
-29494
-21121
-24428
-23638
-20726
-14854
-24888
-31616
-11021
4376
15117
8291
20529
36419
34972
53428
63808
80603
97990
99848
107530
113321
114949
122845
139837
129046
159264
160860
164117
167686
167982
178296
185567
189383
195749
205257
197986
203151
215637
212297
215653
224437
233994
221591
237021
243568
233238
244653
238913
219124
223680
232958
201901
203859
186521
172062
173164
167374
150233
139854
121628
108336
101921
83892
84320
71374
78283
82132
61686
57162
52786
55550
41140
51684
44578
57425
47523
34462
44381
49776
51767
39545
49513
52935
46388
60353
70815
81014
102151
117877
126530
141647
165433
188413
186982
216311
244259
257237
281829
306438
322871
342758
364093
376266
400036
435402
455635
471706
505691
510872
527207
544380
551651
583234
594781
623190
636514
648127
672785
696275
720719
712050
735408
746840
742646
757138
758799
772156
772222
776795
764721
760543
772633
771400
751561
744620
751726
724288
729996
730473
715109
717198
717017
703381
692754
698117
672818
664955
658441
644771
624686
623338
612399
593679
579368
561734
547588
543278
528375
527388
516926
498815
505049
493057
464073
454993
447048
420466
424101
422144
399262
402322
384853
375427
370278
365837
355260
358023
339468
336310
336277
318726
310978
301421
290301
281089
273111
264459
253799
236100
232267
227332
226674
217726
226872
208613
207461
205421
190304
194976
188265
161320
166962
140150
127138
119719
77987
69269
56488
38722
30152
7304
-11317
-4507
-36156
-51980
-55172
-82461
-94173
-106955
-115278
-125872
-147322
-158096
-166683
-189400
-197443
-193627
-212232
-226658
-230951
-246479
-249835
-254096
-249111
-261975
-277421
-273226
-271877
-302622
-284034
-302572
-299677
-330372
-330092
-346081
-367416
-357168
-394114
-403852
-416765
-435517
-463366
-472956
-483237
-489225
-505822
-523144
-537701
-541962
-557819
-560418
-558855
-564975
-574022
-579352
-595818
-605046
-594354
-613830
-615672
-606444
-615244
-621874
-642403
-644261
-650397
-664363
-671831
-669446
-662701
-673278
-672719
-688313
-696850
-696521
-693232
-704055
-698298
-705404
-699153
-699334
-704993
-706391
-708497
-717856
-707049
-700535
-724634
-702641
-709961
-730292
-709007
-717955
-743435
-742958
-738139
-753354
-739488
-755707
-747926
-745080
-754309
-763076
-751463
-762336
-763718
-749555
-760296
-762369
-761480
-784674
-792093
-796600
-811800
-810648
-812836
-828019
-826357
-820978
-840191
-840652
-830897
-839583
-827591
-831473
-817458
-809201
-815089
-805450
-789576
-784921
-773851
-764984
-754276
-744538
-736017
-728335
-722512
-714534
-705108
-715570
-712954
-714057
-716869
-720274
-720291
-724403
-730917
-748995
-754786
-750032
-752318
-759556
-750459
-737234
-747943
-746034
-746265
-737234
-737250
-734569
-745130
-746577
-745393
-726295
-733845
-713695
-710339
-713152
-703891
-691948
-702904
-687704
-680500
-689761
-666189
-642863
-657421
-638718
-620673
-609833
-596459
-589024
-577920
-568495
-553822
-559596
-540794
-524673
-520906
-498996
-482678
-465241
-443331
-422637
-399904
-384968
-372384
-353352
-345292
-322246
-316061
-296140
-294018
-269953
-245163
-241396
-248371
-224634
-226181
-214567
-211129
-196687
-190962
-187212
-184415
-184202
-184136
-179333
-171568
-163919
-162686
-156155
-157685
-157159
-153704
-153441
-140808
-138653
-143045
-152882
-137929
-140199
-145068
-129129
-127813
-123174
-125148
-128536
-115805
-117795
-133981
-121266
-118107
-118272
-105359
-116561
-116726
-128882
-125230
-123141
-128372
-125510
-130774
-124424
-131547
-152339
-142996
-153309
-158672
-166782
-174825
-191851
-193101
-198792
-221756
-219453
-215850
-237284
-248651
-246331
-244061
-273999
-271367
-264146
-270841
-282093
-288064
-291781
-291337
-273177
-290103
-289659
-286534
-294282
-275299
-282158
-284988
-281402
-278408
-272618
-268670
-265709
-248519
-255675
-248601
-231214
-230277
-217331
-205833
-191768
-179201
-161616
-142749
-140512
-122730
-93960
-91064
-71670
-50385
-42900
-30843
-16762
-12304
-1744
4260
-2369
13900
18621
9014
14591
8949
20430
33541
31632
37456
47852
32257
49381
55895
56669
68562
71210
78152
78448
92446
101164
109883
128800
124885
126530
150694
143621
154576
151237
174891
187524
192821
212166
220769
235689
250822
248667
266367
280826
302901
304826
320930
323249
330339
357086
370920
389475
399838
412521
425549
460964
468877
482431
496463
518061
534757
553707
567360
564596
579911
600062
593728
594469
601953
607151
611971
606724
610573
611691
617070
605737
604437
615425
608944
617662
618797
608780
616264
630411
615475
618024
613188
608056
611050
618830
610310
600456
589600
584928
564448
555368
534741
508849
508553
476871
459649
436372
412159
389310
365903
340850
317804
303789
275694
251085
231017
204944
183642
143966
111692
100852
58856
32340
19065
-27734
-61505
-85192
-120493
-165482
-193940
-219716
-255461
-273983
-291535
-319943
-340274
-360623
-386794
-398358
-409461
-429020
-430813
-426536
-449170
-456572
-455224
-472397
-486149
-494258
-502401
-530085
-519130
-521400
-542077
-548278
-547785
-558839
-560566
-576078
-580865
-584402
-588382
-599157
-585849
-597068
-608549
-596229
-608697
-590619
-598680
-603072
-617827
-618699
-614570
-632697
-640478
-633470
-644294
-639902
-657832
-663343
-649262
-645511
-625756
-633487
-627466
-625690
-625969
-626331
-622466
-611362
-633569
-632335
-613024
-613139
-608714
-609454
-607135
-611477
-590159
-583711
-568100
-573825
-552062
-537191
-530283
-503421
-513274
-500394
-489521
-478960
-474173
-468827
-442903
-425154
-432721
-406533
-399772
-398391
-391120
-368189
-371594
-357694
-344815
-323118
-316686
-303148
-298476
-298822
-282290
-275036
-267584
-243551
-234915
-217956
-210471
-213334
-193956
-190716
-193446
-181586
-182951
-171864
-157882
-159264
-150019
-149148
-154856
-142913
-140726
-149033
-157109
-159412
-172161
-170450
-171766
-179826
-177227
-190913
-188330
-178559
-175500
-182705
-190123
-184827
-179398
-178230
-177819
-180862
-172967
-185583
-177556
-184152
-182112
-180007
-184300
-179020
-170302
-172769
-170269
-172999
-169348
-173756
-167538
-171174
-157669
-171075
-171305
-155398
-170302
-163064
-170581
-166239
-167242
-161518
-162554
-151270
-150299
-157389
-161814
-152355
-150480
-141482
-130033
-127599
-122680
-135906
-133965
-134277
-124605
-114489
-115410
-117417
-116216
-115179
-103007
-98631
-89666
-78579
-67443
-58560
-63906
-57310
-42127
-21022
-15824
6070
6843
20858
38229
51026
61077
76869
92117
108978
116134
132994
145776
171174
173526
177523
203859
216130
224766
249358
272519
278424
291288
302046
305056
324894
332148
335636
346048
357859
359323
376299
395841
391268
406961
416682
402207
418048
419331
426733
431339
428970
432079
439300
423493
444564
451967
448479
462034
447229
445963
446193
448068
448594
448858
445995
436998
452773
436603
429151
434876
435534
422160
423164
400710
400628
389738
378059
372417
367400
360129
347594
349355
333415
316735
323381
311817
289232
285481
277947
265018
259639
235705
219782
204056
200075
184613
162505
162784
156172
133290
110639
98302
65568
60600
39150
33656
7172
-7715
-12156
-34955
-36682
-48921
-69779
-69549
-84583
-83086
-86508
-115492
-124671
-130922
-142650
-149477
-161353
-168739
-159692
-153128
-162143
-159494
-155366
-152701
-147799
-152832
-152076
-154132
-164643
-183642
-189992
-198101
-203382
-205602
-201638
-209484
-219568
-235787
-231938
-243124
-247203
-250230
-248601
-249868
-249884
-259343
-270298
-266038
-275628
-270677
-265248
-273358
-275875
-267568
-278737
-289692
-277372
-284576
-296025
-294018
-309843
-309892
-309991
-313774
-325519
-335767
-337412
-340291
-345900
-354520
-362942
-372187
-386613
-388175
-396548
-418229
-424907
-443446
-444021
-459254
-482234
-489307
-489883
-508290
-510922
-513438
-526187
-546206
-545877
-562409
-569860
-582806
-601904
-603549
-614471
-640642
-640149
-645446
-666945
-660793
-680434
-698347
-690912
-694153
-718695
-711129
-720834
-734322
-743633
-747449
-757088
-760115
-768751
-788918
-782799
-778670
-790316
-784576
-791188
-782026
-785908
-791978
-787964
-794643
-782914
-786928
-784592
-784428
-769031
-783243
-776910
-769179
-762632
-756677
-761645
-762764
-761267
-769755
-765971
-765774
-762961
-743337
-754835
-755180
-745689
-736263
-745492
-737925
-729634
-741626
-723926
-737875
-725094
-720998
-708513
-695798
-697377
-685369
-670893
-671058
-648078
-642699
-628848
-618436
-595110
-580519
-571851
-547867
-559234
-556322
-529033
-525101
-514162
-501381
-493469
-479602
-481362
-470752
-447410
-433181
-429036
-396466
-385724
-385280
-354602
-341722
-328990
-308905
-275134
-270644
-253010
-236215
-238271
-194252
-181520
-185863
-156830
-142190
-125921
-105491
-96707
-75273
-47819
-36649
-24329
3882
25924
50664
65568
79649
122368
133290
153540
198036
214929
234438
262764
278688
308872
322986
347627
374621
394689
415580
418114
449137
478171
500180
507665
539281
564925
577180
606921
623420
634589
661698
672554
697804
700009
712445
741774
755608
754901
763010
792093
779855
796567
809530
797538
809069
823051
809595
813708
823923
813280
835339
822607
818034
812852
820551
819350
820978
824762
817129
804348
800828
793524
795844
790481
780101
758421
746659
734355
723120
724025
703562
694959
684793
672291
657355
655496
653670
644985
628832
621314
616708
597051
589024
564794
563412
559678
555895
545054
552967
527240
517469
536402
526943
519903
515412
528802
534296
532750
523341
532668
528292
507944
505872
502384
486182
487711
476805
461754
458826
453760
439975
441571
433593
428904
409823
402799
416205
405184
401713
422522
401582
396828
397223
382287
388504
369357
370410
370410
371348
371479
364636
364718
350605
355918
355753
350128
356790
352973
339041
320732
334797
314416
301964
304266
298131
264623
283178
277668
263768
267913
250526
250773
260478
250098
245131
250230
251776
257204
244061
253158
254934
245213
239587
246364
235392
230704
224750
215702
220473
210768
209863
191851
189367
178082
178888
182080
166354
156270
151122
143078
132073
128454
130922
124720
108978
103879
102102
100161
102957
104471
89732
92973
101247
94798
84830
92973
92002
75141
89304
76671
74993
77296
66620
34725
37291
41387
16301
17667
19394
10429
2484
-8225
-22240
-16203
-28014
-30909
-37604
-46355
-53296
-55731
-66801
-62097
-72427
-83317
-102086
-113090
-109669
-120641
-137880
-144690
-148013
-170647
-181685
-199253
-200273
-208876
-217084
-224667
-210735
-218367
-219404
-204286
-206902
-208991
-217512
-195881
-202345
-217495
-204336
-189548
-189893
-182655
-181454
-169233
-158310
-147519
-133274
-131135
-108007
-109587
-101921
-102102
-86179
-78069
-75766
-66259
-61603
-53987
-36814
-35580
-27536
-14064
-11630
11860
19723
22388
35301
28425
39298
39857
53099
68052
79204
81935
82889
103451
112613
116364
122434
112564
125526
138176
136811
146170
156336
169397
176141
176339
198611
207659
208448
214271
226362
221558
218417
230523
224305
233057
235754
250510
259639
273917
273457
280810
316373
327493
325190
340357
362448
363024
368502
386662
384079
392551
403802
413310
421568
412258
419298
446045
439646
443018
447805
443857
440764
444910
446653
448644
447739
442179
443923
421535
417900
424068
408474
410662
411797
397223
392765
389886
356247
353516
339468
339353
332576
307885
309152
293953
272963
274164
275167
256316
248552
242318
237301
224092
213663
208399
198365
179267
167900
158244
162406
151270
137353
130181
106988
107136
95095
95358
76507
69088
46338
21467
18835
905
-20809
-18391
-30744
-33244
-28573
-28671
-26681
-22602
-34215
-28704
-20151
-18654
-12880
-24115
-4869
-6975
-11120
-2451
-13867
-18456
-24099
-23786
-34676
-23276
-26089
-29362
-24247
-27668
-25283
-26418
-30053
-47621
-49464
-60008
-76572
-76243
-70930
-105721
-103500
-113173
-136728
-133537
-148407
-159215
-153523
-162784
-176026
-183626
-195683
-201194
-203069
-213186
-227497
-232793
-219140
-238024
-234899
-236100
-232020
-233599
-235869
-247976
-249128
-236001
-237498
-255905
-259524
-252829
-247121
-253882
-266186
-242729
-250575
-265939
-258010
-253668
-251217
-255033
-239900
-236198
-244522
-244160
-230079
-247121
-239554
-220621
-214650
-216656
-198907
-199302
-194960
-181586
-176273
-167949
-161008
-177112
-165416
-158113
-159116
-139064
-140446
-135264
-119045
-122039
-122680
-92545
-97332
-86360
-61439
-69203
-56076
-47901
-36337
-27668
-36929
-26221
-47424
-44249
-43147
-58593
-66012
-76243
-79007
-90768
-103714
-114176
-104043
-120147
-116759
-143193
-148802
-163080
-176520
-178214
-196160
-210389
-222562
-231116
-247203
-252319
-270512
-281945
-293262
-295351
-316719
-301996
-295762
-313741
-299315
-289478
-292571
-293377
-292275
-289133
-280332
-281270
-284001
-273144
-267568
-259557
-271367
-253849
-245756
-233106
-238090
-218861
-189548
-203201
-195206
-182836
-181899
-167045
-167176
-152026
-149460
-149542
-139574
-115772
-110952
-102579
-84962
-76079
-83876
-56636
-46667
-62393
-55566
-40597
-48674
-47852
-37192
-26648
-22536
-36288
-21878
-6744
-13966
3454
14278
14410
23835
45220
47457
58741
71967
79040
98204
115492
107136
135297
155859
150135
181652
196292
206277
231938
237613
227266
251283
265215
247351
264623
271154
264294
254490
252862
257747
250871
248651
239258
240048
235919
236873
224388
227168
222167
208892
202855
194203
170894
168788
177391
150562
137156
142486
118913
124408
107251
106330
81803
78612
68710
66242
79550
72888
55237
55270
54744
42588
47950
38327
46503
48510
49990
56405
48723
37571
54760
46684
50878
48641
59679
55435
44578
54612
59366
46848
45516
50648
45763
51207
22733
22618
29461
16170
14492
22964
21269
17683
18210
21977
23441
29214
38229
37028
33031
49743
48740
45993
36798
46536
46601
35301
40499
33689
26484
34528
45088
54760
42078
54991
58149
45368
62706
74763
76408
86014
94601
81803
87363
102480
92940
108616
109932
102842
119160
106576
125855
123305
120509
122697
148177
135149
143127
155201
151006
180336
192805
192640
214781
231017
233961
245377
253487
268160
272848
298410
315748
337034
352941
378092
407191
417505
449532
468383
495459
514804
547045
568988
601180
628815
655151
665662
704154
724634
747729
770067
789297
810171
833102
854190
881907
894294
912586
935220
949696
967280
988336
989668
1009736
1031285
1046452
1051765
1066833
1091458
1093366
1108022
1111526
1121017
1138585
1144047
1140230
1138437
1141234
1168540
1157288
1174297
1172044
1159098
1178624
1164806
1160200
1167240
1164773
1176403
1188575
1189628
1181025
1189809
1197425
1187539
1194777
1191997
1198873
1202146
1194514
1173343
1190632
1185565
1174133
1168507
1181074
1177505
1188872
1182275
1178574
1170333
1157404
1154180
1160447
1152074
1131644
1145988
1127893
1115540
1112036
1108499
1094205
1093958
1070781
1046172
1044494
1036681
1013388
991165
983286
961375
947212
941356
911220
896926
886760
867317
868649
845850
831226
829713
807375
788935
773900
765445
751232
733154
708233
691669
681536
670202
636612
646153
636069
613320
598219
580174
558642
550137
539050
511728
485540
467906
451457
430516
409247
